Date,Stock Price,Market Cap (Billion USD),Company,Sector,Industry,PE_Ratio,PB_Ratio,Profit_Margin,ROE,ROA,Debt_to_Equity,Company_Age_Years,Market_Cap_Category
2000-01-01 00:00:00+09:00,215.17698669433594,722.4761021978671,Mitsubishi Heavy Industries,Industrials,Specialty Industrial Machinery,37.095715,4.0544734,0.0,0.12146,0.03217,60.801,,Mega Cap
2000-02-01 00:00:00+09:00,188.82872009277344,634.0094253175547,Mitsubishi Heavy Industries,Industrials,Specialty Industrial Machinery,37.095715,4.0544734,0.0,0.12146,0.03217,60.801,,Mega Cap
2000-03-01 00:00:00+09:00,202.63014221191406,680.3489424313829,Mitsubishi Heavy Industries,Industrials,Specialty Industrial Machinery,37.095715,4.0544734,0.0,0.12146,0.03217,60.801,,Mega Cap
2000-04-01 00:00:00+09:00,212.38482666015625,713.1011735440312,Mitsubishi Heavy Industries,Industrials,Specialty Industrial Machinery,37.095715,4.0544734,0.0,0.12146,0.03217,60.801,,Mega Cap
2000-05-01 00:00:00+09:00,236.404541015625,793.749526651125,Mitsubishi Heavy Industries,Industrials,Specialty Industrial Machinery,37.095715,4.0544734,0.0,0.12146,0.03217,60.801,,Mega Cap
2000-06-01 00:00:00+09:00,297.0858154296875,997.4923677819374,Mitsubishi Heavy Industries,Industrials,Specialty Industrial Machinery,37.095715,4.0544734,0.0,0.12146,0.03217,60.801,,Mega Cap
2000-07-01 00:00:00+09:00,256.6317138671875,861.6640802694375,Mitsubishi Heavy Industries,Industrials,Specialty Industrial Machinery,37.095715,4.0544734,0.0,0.12146,0.03217,60.801,,Mega Cap
2000-08-01 00:00:00+09:00,237.03652954101562,795.8714850142031,Mitsubishi Heavy Industries,Industrials,Specialty Industrial Machinery,37.095715,4.0544734,0.0,0.12146,0.03217,60.801,,Mega Cap
2000-09-01 00:00:00+09:00,270.5378112792969,908.3550541018594,Mitsubishi Heavy Industries,Industrials,Specialty Industrial Machinery,37.095715,4.0544734,0.0,0.12146,0.03217,60.801,,Mega Cap
2000-10-01 00:00:00+09:00,268.0093078613281,899.8653762702656,Mitsubishi Heavy Industries,Industrials,Specialty Industrial Machinery,37.095715,4.0544734,0.0,0.12146,0.03217,60.801,,Mega Cap
2000-11-01 00:00:00+09:00,305.9352722167969,1027.2052155373594,Mitsubishi Heavy Industries,Industrials,Specialty Industrial Machinery,37.095715,4.0544734,0.0,0.12146,0.03217,60.801,,Mega Cap
2000-12-01 00:00:00+09:00,314.7845764160156,1056.9175509652032,Mitsubishi Heavy Industries,Industrials,Specialty Industrial Machinery,37.095715,4.0544734,0.0,0.12146,0.03217,60.801,,Mega Cap
2001-01-01 00:00:00+09:00,307.8316345214844,1033.5724226782968,Mitsubishi Heavy Industries,Industrials,Specialty Industrial Machinery,37.095715,4.0544734,0.0,0.12146,0.03217,60.801,,Mega Cap
2001-02-01 00:00:00+09:00,293.9254455566406,986.8811414493281,Mitsubishi Heavy Industries,Industrials,Specialty Industrial Machinery,37.095715,4.0544734,0.0,0.12146,0.03217,60.801,,Mega Cap
2001-03-01 00:00:00+09:00,291.3970031738281,978.3916685487657,Mitsubishi Heavy Industries,Industrials,Specialty Industrial Machinery,37.095715,4.0544734,0.0,0.12146,0.03217,60.801,,Mega Cap
2001-04-01 00:00:00+09:00,322.0093994140625,1081.1755445308124,Mitsubishi Heavy Industries,Industrials,Specialty Industrial Machinery,37.095715,4.0544734,0.0,0.12146,0.03217,60.801,,Mega Cap
2001-05-01 00:00:00+09:00,322.64703369140625,1083.3164590142812,Mitsubishi Heavy Industries,Industrials,Specialty Industrial Machinery,37.095715,4.0544734,0.0,0.12146,0.03217,60.801,,Mega Cap
2001-06-01 00:00:00+09:00,362.8183898925781,1218.1954035245155,Mitsubishi Heavy Industries,Industrials,Specialty Industrial Machinery,37.095715,4.0544734,0.0,0.12146,0.03217,60.801,,Mega Cap
2001-07-01 00:00:00+09:00,301.60479736328125,1012.6652564046562,Mitsubishi Heavy Industries,Industrials,Specialty Industrial Machinery,37.095715,4.0544734,0.0,0.12146,0.03217,60.801,,Mega Cap
2001-08-01 00:00:00+09:00,309.2565002441406,1038.3565376028282,Mitsubishi Heavy Industries,Industrials,Specialty Industrial Machinery,37.095715,4.0544734,0.0,0.12146,0.03217,60.801,,Mega Cap
2001-09-01 00:00:00+09:00,258.2451477050781,867.0813296150156,Mitsubishi Heavy Industries,Industrials,Specialty Industrial Machinery,37.095715,4.0544734,0.0,0.12146,0.03217,60.801,,Mega Cap
2001-10-01 00:00:00+09:00,264.0355224609375,886.5230340841875,Mitsubishi Heavy Industries,Industrials,Specialty Industrial Machinery,37.095715,4.0544734,0.0,0.12146,0.03217,60.801,,Mega Cap
2001-11-01 00:00:00+09:00,218.5342559814453,733.748436037289,Mitsubishi Heavy Industries,Industrials,Specialty Industrial Machinery,37.095715,4.0544734,0.0,0.12146,0.03217,60.801,,Mega Cap
2001-12-01 00:00:00+09:00,224.30194091796875,753.1139573955937,Mitsubishi Heavy Industries,Industrials,Specialty Industrial Machinery,37.095715,4.0544734,0.0,0.12146,0.03217,60.801,,Mega Cap
2002-01-01 00:00:00+09:00,214.68905639648438,720.8378323012969,Mitsubishi Heavy Industries,Industrials,Specialty Industrial Machinery,37.095715,4.0544734,0.0,0.12146,0.03217,60.801,,Mega Cap
2002-02-01 00:00:00+09:00,234.5557861328125,787.5421657145625,Mitsubishi Heavy Industries,Industrials,Specialty Industrial Machinery,37.095715,4.0544734,0.0,0.12146,0.03217,60.801,,Mega Cap
2002-03-01 00:00:00+09:00,276.85272216796875,929.5579358535938,Mitsubishi Heavy Industries,Industrials,Specialty Industrial Machinery,37.095715,4.0544734,0.0,0.12146,0.03217,60.801,,Mega Cap
2002-04-01 00:00:00+09:00,262.07330322265625,879.9347063605312,Mitsubishi Heavy Industries,Industrials,Specialty Industrial Machinery,37.095715,4.0544734,0.0,0.12146,0.03217,60.801,,Mega Cap
2002-05-01 00:00:00+09:00,280.10284423828125,940.4705132676562,Mitsubishi Heavy Industries,Industrials,Specialty Industrial Machinery,37.095715,4.0544734,0.0,0.12146,0.03217,60.801,,Mega Cap
2002-06-01 00:00:00+09:00,233.74098205566406,784.8063876801328,Mitsubishi Heavy Industries,Industrials,Specialty Industrial Machinery,37.095715,4.0544734,0.0,0.12146,0.03217,60.801,,Mega Cap
2002-07-01 00:00:00+09:00,206.6966552734375,694.0026260866875,Mitsubishi Heavy Industries,Industrials,Specialty Industrial Machinery,37.095715,4.0544734,0.0,0.12146,0.03217,60.801,,Mega Cap
2002-08-01 00:00:00+09:00,220.86273193359375,741.5665036467187,Mitsubishi Heavy Industries,Industrials,Specialty Industrial Machinery,37.095715,4.0544734,0.0,0.12146,0.03217,60.801,,Mega Cap
2002-09-01 00:00:00+09:00,213.7796630859375,717.7844624011875,Mitsubishi Heavy Industries,Industrials,Specialty Industrial Machinery,37.095715,4.0544734,0.0,0.12146,0.03217,60.801,,Mega Cap
2002-10-01 00:00:00+09:00,168.9631805419922,567.3090880593984,Mitsubishi Heavy Industries,Industrials,Specialty Industrial Machinery,37.095715,4.0544734,0.0,0.12146,0.03217,60.801,,Mega Cap
2002-11-01 00:00:00+09:00,202.10601806640625,678.5891484332813,Mitsubishi Heavy Industries,Industrials,Specialty Industrial Machinery,37.095715,4.0544734,0.0,0.12146,0.03217,60.801,,Mega Cap
2002-12-01 00:00:00+09:00,188.45896911621094,632.7679531302422,Mitsubishi Heavy Industries,Industrials,Specialty Industrial Machinery,37.095715,4.0544734,0.0,0.12146,0.03217,60.801,,Mega Cap
2003-01-01 00:00:00+09:00,187.15921020507812,628.4038955870157,Mitsubishi Heavy Industries,Industrials,Specialty Industrial Machinery,37.095715,4.0544734,0.0,0.12146,0.03217,60.801,,Mega Cap
2003-02-01 00:00:00+09:00,209.90423583984375,704.7723665719687,Mitsubishi Heavy Industries,Industrials,Specialty Industrial Machinery,37.095715,4.0544734,0.0,0.12146,0.03217,60.801,,Mega Cap
2003-03-01 00:00:00+09:00,184.55978393554688,619.6760878971094,Mitsubishi Heavy Industries,Industrials,Specialty Industrial Machinery,37.095715,4.0544734,0.0,0.12146,0.03217,60.801,,Mega Cap
2003-04-01 00:00:00+09:00,173.90634155273438,583.9061961165469,Mitsubishi Heavy Industries,Industrials,Specialty Industrial Machinery,37.095715,4.0544734,0.0,0.12146,0.03217,60.801,,Mega Cap
2003-05-01 00:00:00+09:00,167.34384155273438,561.8720116365469,Mitsubishi Heavy Industries,Industrials,Specialty Industrial Machinery,37.095715,4.0544734,0.0,0.12146,0.03217,60.801,,Mega Cap
2003-06-01 00:00:00+09:00,204.09388732910156,685.2635984228203,Mitsubishi Heavy Industries,Industrials,Specialty Industrial Machinery,37.095715,4.0544734,0.0,0.12146,0.03217,60.801,,Mega Cap
2003-07-01 00:00:00+09:00,210.0001220703125,705.0943132220625,Mitsubishi Heavy Industries,Industrials,Specialty Industrial Machinery,37.095715,4.0544734,0.0,0.12146,0.03217,60.801,,Mega Cap
2003-08-01 00:00:00+09:00,247.40643310546875,830.6893696890937,Mitsubishi Heavy Industries,Industrials,Specialty Industrial Machinery,37.095715,4.0544734,0.0,0.12146,0.03217,60.801,,Mega Cap
2003-09-01 00:00:00+09:00,212.6251678466797,713.9081407123359,Mitsubishi Heavy Industries,Industrials,Specialty Industrial Machinery,37.095715,4.0544734,0.0,0.12146,0.03217,60.801,,Mega Cap
2003-10-01 00:00:00+09:00,199.95191955566406,671.3565687801328,Mitsubishi Heavy Industries,Industrials,Specialty Industrial Machinery,37.095715,4.0544734,0.0,0.12146,0.03217,60.801,,Mega Cap
2003-11-01 00:00:00+09:00,193.33094787597656,649.1260603721953,Mitsubishi Heavy Industries,Industrials,Specialty Industrial Machinery,37.095715,4.0544734,0.0,0.12146,0.03217,60.801,,Mega Cap
2003-12-01 00:00:00+09:00,197.30352783203125,662.4643551704063,Mitsubishi Heavy Industries,Industrials,Specialty Industrial Machinery,37.095715,4.0544734,0.0,0.12146,0.03217,60.801,,Mega Cap
2004-01-01 00:00:00+09:00,205.91075134277344,691.3638828955546,Mitsubishi Heavy Industries,Industrials,Specialty Industrial Machinery,37.095715,4.0544734,0.0,0.12146,0.03217,60.801,,Mega Cap
2004-02-01 00:00:00+09:00,211.8695526123047,711.3710945454609,Mitsubishi Heavy Industries,Industrials,Specialty Industrial Machinery,37.095715,4.0544734,0.0,0.12146,0.03217,60.801,,Mega Cap
2004-03-01 00:00:00+09:00,223.78720092773438,751.3856715435469,Mitsubishi Heavy Industries,Industrials,Specialty Industrial Machinery,37.095715,4.0544734,0.0,0.12146,0.03217,60.801,,Mega Cap
2004-04-01 00:00:00+09:00,203.02127075195312,681.6621917123906,Mitsubishi Heavy Industries,Industrials,Specialty Industrial Machinery,37.095715,4.0544734,0.0,0.12146,0.03217,60.801,,Mega Cap
2004-05-01 00:00:00+09:00,196.34292602539062,659.2390481350782,Mitsubishi Heavy Industries,Industrials,Specialty Industrial Machinery,37.095715,4.0544734,0.0,0.12146,0.03217,60.801,,Mega Cap
2004-06-01 00:00:00+09:00,197.67860412597656,663.7237075901953,Mitsubishi Heavy Industries,Industrials,Specialty Industrial Machinery,37.095715,4.0544734,0.0,0.12146,0.03217,60.801,,Mega Cap
2004-07-01 00:00:00+09:00,194.33944702148438,652.5121870342969,Mitsubishi Heavy Industries,Industrials,Specialty Industrial Machinery,37.095715,4.0544734,0.0,0.12146,0.03217,60.801,,Mega Cap
2004-08-01 00:00:00+09:00,198.34642028808594,665.9659604686171,Mitsubishi Heavy Industries,Industrials,Specialty Industrial Machinery,37.095715,4.0544734,0.0,0.12146,0.03217,60.801,,Mega Cap
2004-09-01 00:00:00+09:00,207.69610595703125,697.3583717234062,Mitsubishi Heavy Industries,Industrials,Specialty Industrial Machinery,37.095715,4.0544734,0.0,0.12146,0.03217,60.801,,Mega Cap
2004-10-01 00:00:00+09:00,199.01425170898438,668.2082645797968,Mitsubishi Heavy Industries,Industrials,Specialty Industrial Machinery,37.095715,4.0544734,0.0,0.12146,0.03217,60.801,,Mega Cap
2004-11-01 00:00:00+09:00,197.01077270507812,661.4814034790156,Mitsubishi Heavy Industries,Industrials,Specialty Industrial Machinery,37.095715,4.0544734,0.0,0.12146,0.03217,60.801,,Mega Cap
2004-12-01 00:00:00+09:00,194.33944702148438,652.5121870342969,Mitsubishi Heavy Industries,Industrials,Specialty Industrial Machinery,37.095715,4.0544734,0.0,0.12146,0.03217,60.801,,Mega Cap
2005-01-01 00:00:00+09:00,187.66107177734375,630.0889409914688,Mitsubishi Heavy Industries,Industrials,Specialty Industrial Machinery,37.095715,4.0544734,0.0,0.12146,0.03217,60.801,,Mega Cap
2005-02-01 00:00:00+09:00,188.32891845703125,632.3312963354063,Mitsubishi Heavy Industries,Industrials,Specialty Industrial Machinery,37.095715,4.0544734,0.0,0.12146,0.03217,60.801,,Mega Cap
2005-03-01 00:00:00+09:00,190.33242797851562,639.0582599017031,Mitsubishi Heavy Industries,Industrials,Specialty Industrial Machinery,37.095715,4.0544734,0.0,0.12146,0.03217,60.801,,Mega Cap
2005-04-01 00:00:00+09:00,188.9222869873047,634.3235845884609,Mitsubishi Heavy Industries,Industrials,Specialty Industrial Machinery,37.095715,4.0544734,0.0,0.12146,0.03217,60.801,,Mega Cap
2005-05-01 00:00:00+09:00,189.59945678710938,636.5972431474219,Mitsubishi Heavy Industries,Industrials,Specialty Industrial Machinery,37.095715,4.0544734,0.0,0.12146,0.03217,60.801,,Mega Cap
2005-06-01 00:00:00+09:00,196.3708953857422,659.3329577801485,Mitsubishi Heavy Industries,Industrials,Specialty Industrial Machinery,37.095715,4.0544734,0.0,0.12146,0.03217,60.801,,Mega Cap
2005-07-01 00:00:00+09:00,190.95370483398438,641.1442528687969,Mitsubishi Heavy Industries,Industrials,Specialty Industrial Machinery,37.095715,4.0544734,0.0,0.12146,0.03217,60.801,,Mega Cap
2005-08-01 00:00:00+09:00,210.5908203125,707.0776357425,Mitsubishi Heavy Industries,Industrials,Specialty Industrial Machinery,37.095715,4.0544734,0.0,0.12146,0.03217,60.801,,Mega Cap
2005-09-01 00:00:00+09:00,272.210693359375,913.971906271875,Mitsubishi Heavy Industries,Industrials,Specialty Industrial Machinery,37.095715,4.0544734,0.0,0.12146,0.03217,60.801,,Mega Cap
2005-10-01 00:00:00+09:00,296.5876770019531,995.8198231703906,Mitsubishi Heavy Industries,Industrials,Specialty Industrial Machinery,37.095715,4.0544734,0.0,0.12146,0.03217,60.801,,Mega Cap
2005-11-01 00:00:00+09:00,341.9561462402344,1148.1485425260469,Mitsubishi Heavy Industries,Industrials,Specialty Industrial Machinery,37.095715,4.0544734,0.0,0.12146,0.03217,60.801,,Mega Cap
2005-12-01 00:00:00+09:00,352.11328125,1182.252037626,Mitsubishi Heavy Industries,Industrials,Specialty Industrial Machinery,37.095715,4.0544734,0.0,0.12146,0.03217,60.801,,Mega Cap
2006-01-01 00:00:00+09:00,359.5617980957031,1207.2611034211407,Mitsubishi Heavy Industries,Industrials,Specialty Industrial Machinery,37.095715,4.0544734,0.0,0.12146,0.03217,60.801,,Mega Cap
2006-02-01 00:00:00+09:00,372.4274597167969,1250.4587204293593,Mitsubishi Heavy Industries,Industrials,Specialty Industrial Machinery,37.095715,4.0544734,0.0,0.12146,0.03217,60.801,,Mega Cap
2006-03-01 00:00:00+09:00,379.19891357421875,1273.1944862948437,Mitsubishi Heavy Industries,Industrials,Specialty Industrial Machinery,37.095715,4.0544734,0.0,0.12146,0.03217,60.801,,Mega Cap
2006-04-01 00:00:00+09:00,384.6451110839844,1291.480584678797,Mitsubishi Heavy Industries,Industrials,Specialty Industrial Machinery,37.095715,4.0544734,0.0,0.12146,0.03217,60.801,,Mega Cap
2006-05-01 00:00:00+09:00,338.2693786621094,1135.7698885144218,Mitsubishi Heavy Industries,Industrials,Specialty Industrial Machinery,37.095715,4.0544734,0.0,0.12146,0.03217,60.801,,Mega Cap
2006-06-01 00:00:00+09:00,336.90557861328125,1131.1908070866562,Mitsubishi Heavy Industries,Industrials,Specialty Industrial Machinery,37.095715,4.0544734,0.0,0.12146,0.03217,60.801,,Mega Cap
2006-07-01 00:00:00+09:00,319.8555908203125,1073.9439383000624,Mitsubishi Heavy Industries,Industrials,Specialty Industrial Machinery,37.095715,4.0544734,0.0,0.12146,0.03217,60.801,,Mega Cap
2006-08-01 00:00:00+09:00,335.5415344238281,1126.6109059347657,Mitsubishi Heavy Industries,Industrials,Specialty Industrial Machinery,37.095715,4.0544734,0.0,0.12146,0.03217,60.801,,Mega Cap
2006-09-01 00:00:00+09:00,333.4955139160156,1119.741207905203,Mitsubishi Heavy Industries,Industrials,Specialty Industrial Machinery,37.095715,4.0544734,0.0,0.12146,0.03217,60.801,,Mega Cap
2006-10-01 00:00:00+09:00,358.278564453125,1202.952530954625,Mitsubishi Heavy Industries,Industrials,Specialty Industrial Machinery,37.095715,4.0544734,0.0,0.12146,0.03217,60.801,,Mega Cap
2006-11-01 00:00:00+09:00,345.2378234863281,1159.1670692832656,Mitsubishi Heavy Industries,Industrials,Specialty Industrial Machinery,37.095715,4.0544734,0.0,0.12146,0.03217,60.801,,Mega Cap
2006-12-01 00:00:00+09:00,371.3193359375,1246.7380950915,Mitsubishi Heavy Industries,Industrials,Specialty Industrial Machinery,37.095715,4.0544734,0.0,0.12146,0.03217,60.801,,Mega Cap
2007-01-01 00:00:00+09:00,425.54156494140625,1428.7941098402812,Mitsubishi Heavy Industries,Industrials,Specialty Industrial Machinery,37.095715,4.0544734,0.0,0.12146,0.03217,60.801,,Mega Cap
2007-02-01 00:00:00+09:00,459.1730041503906,1541.7146943520781,Mitsubishi Heavy Industries,Industrials,Specialty Industrial Machinery,37.095715,4.0544734,0.0,0.12146,0.03217,60.801,,Mega Cap
2007-03-01 00:00:00+09:00,523.00439453125,1756.03433340225,Mitsubishi Heavy Industries,Industrials,Specialty Industrial Machinery,37.095715,4.0544734,0.0,0.12146,0.03217,60.801,,Mega Cap
2007-04-01 00:00:00+09:00,511.3699645996094,1716.9706876219218,Mitsubishi Heavy Industries,Industrials,Specialty Industrial Machinery,37.095715,4.0544734,0.0,0.12146,0.03217,60.801,,Mega Cap
2007-05-01 00:00:00+09:00,509.30267333984375,1710.0295711279687,Mitsubishi Heavy Industries,Industrials,Specialty Industrial Machinery,37.095715,4.0544734,0.0,0.12146,0.03217,60.801,,Mega Cap
2007-06-01 00:00:00+09:00,545.1397094726562,1830.3556458505313,Mitsubishi Heavy Industries,Industrials,Specialty Industrial Machinery,37.095715,4.0544734,0.0,0.12146,0.03217,60.801,,Mega Cap
2007-07-01 00:00:00+09:00,580.9771118164062,1950.6829501592813,Mitsubishi Heavy Industries,Industrials,Specialty Industrial Machinery,37.095715,4.0544734,0.0,0.12146,0.03217,60.801,,Mega Cap
2007-08-01 00:00:00+09:00,488.6273193359375,1640.6102089471874,Mitsubishi Heavy Industries,Industrials,Specialty Industrial Machinery,37.095715,4.0544734,0.0,0.12146,0.03217,60.801,,Mega Cap
2007-09-01 00:00:00+09:00,517.5726318359375,1737.7967012071874,Mitsubishi Heavy Industries,Industrials,Specialty Industrial Machinery,37.095715,4.0544734,0.0,0.12146,0.03217,60.801,,Mega Cap
2007-10-01 00:00:00+09:00,459.6662902832031,1543.3709469466405,Mitsubishi Heavy Industries,Industrials,Specialty Industrial Machinery,37.095715,4.0544734,0.0,0.12146,0.03217,60.801,,Mega Cap
2007-11-01 00:00:00+09:00,370.3636474609375,1243.5292850041876,Mitsubishi Heavy Industries,Industrials,Specialty Industrial Machinery,37.095715,4.0544734,0.0,0.12146,0.03217,60.801,,Mega Cap
2007-12-01 00:00:00+09:00,332.9810791015625,1118.0139467083125,Mitsubishi Heavy Industries,Industrials,Specialty Industrial Machinery,37.095715,4.0544734,0.0,0.12146,0.03217,60.801,,Mega Cap
2008-01-01 00:00:00+09:00,301.1368103027344,1011.0939477225469,Mitsubishi Heavy Industries,Industrials,Specialty Industrial Machinery,37.095715,4.0544734,0.0,0.12146,0.03217,60.801,,Mega Cap
2008-02-01 00:00:00+09:00,345.4419860839844,1159.8525635827968,Mitsubishi Heavy Industries,Industrials,Specialty Industrial Machinery,37.095715,4.0544734,0.0,0.12146,0.03217,60.801,,Mega Cap
2008-03-01 00:00:00+09:00,294.9064025878906,990.1747929835781,Mitsubishi Heavy Industries,Industrials,Specialty Industrial Machinery,37.095715,4.0544734,0.0,0.12146,0.03217,60.801,,Mega Cap
2008-04-01 00:00:00+09:00,335.92291259765625,1127.8914174835313,Mitsubishi Heavy Industries,Industrials,Specialty Industrial Machinery,37.095715,4.0544734,0.0,0.12146,0.03217,60.801,,Mega Cap
2008-05-01 00:00:00+09:00,370.76971435546875,1244.8926911550936,Mitsubishi Heavy Industries,Industrials,Specialty Industrial Machinery,37.095715,4.0544734,0.0,0.12146,0.03217,60.801,,Mega Cap
2008-06-01 00:00:00+09:00,352.6493225097656,1184.051844407953,Mitsubishi Heavy Industries,Industrials,Specialty Industrial Machinery,37.095715,4.0544734,0.0,0.12146,0.03217,60.801,,Mega Cap
2008-07-01 00:00:00+09:00,334.529052734375,1123.211407522875,Mitsubishi Heavy Industries,Industrials,Specialty Industrial Machinery,37.095715,4.0544734,0.0,0.12146,0.03217,60.801,,Mega Cap
2008-08-01 00:00:00+09:00,366.5880126953125,1230.8522514110625,Mitsubishi Heavy Industries,Industrials,Specialty Industrial Machinery,37.095715,4.0544734,0.0,0.12146,0.03217,60.801,,Mega Cap
2008-09-01 00:00:00+09:00,310.8332214355469,1043.6505209331094,Mitsubishi Heavy Industries,Industrials,Specialty Industrial Machinery,37.095715,4.0544734,0.0,0.12146,0.03217,60.801,,Mega Cap
2008-10-01 00:00:00+09:00,217.4261016845703,730.027708233914,Mitsubishi Heavy Industries,Industrials,Specialty Industrial Machinery,37.095715,4.0544734,0.0,0.12146,0.03217,60.801,,Mega Cap
2008-11-01 00:00:00+09:00,271.4320068359375,911.3573961751875,Mitsubishi Heavy Industries,Industrials,Specialty Industrial Machinery,37.095715,4.0544734,0.0,0.12146,0.03217,60.801,,Mega Cap
2008-12-01 00:00:00+09:00,277.0429382324219,930.1966034124844,Mitsubishi Heavy Industries,Industrials,Specialty Industrial Machinery,37.095715,4.0544734,0.0,0.12146,0.03217,60.801,,Mega Cap
2009-01-01 00:00:00+09:00,241.97421264648438,812.4502005112969,Mitsubishi Heavy Industries,Industrials,Specialty Industrial Machinery,37.095715,4.0544734,0.0,0.12146,0.03217,60.801,,Mega Cap
2009-02-01 00:00:00+09:00,194.98214721679688,654.6701107933594,Mitsubishi Heavy Industries,Industrials,Specialty Industrial Machinery,37.095715,4.0544734,0.0,0.12146,0.03217,60.801,,Mega Cap
2009-03-01 00:00:00+09:00,209.00958251953125,701.7684875159063,Mitsubishi Heavy Industries,Industrials,Specialty Industrial Machinery,37.095715,4.0544734,0.0,0.12146,0.03217,60.801,,Mega Cap
2009-04-01 00:00:00+09:00,227.31307983398438,763.2241273567969,Mitsubishi Heavy Industries,Industrials,Specialty Industrial Machinery,37.095715,4.0544734,0.0,0.12146,0.03217,60.801,,Mega Cap
2009-05-01 00:00:00+09:00,241.4758758544922,810.7769898738984,Mitsubishi Heavy Industries,Industrials,Specialty Industrial Machinery,37.095715,4.0544734,0.0,0.12146,0.03217,60.801,,Mega Cap
2009-06-01 00:00:00+09:00,283.2561950683594,951.0581725316719,Mitsubishi Heavy Industries,Industrials,Specialty Industrial Machinery,37.095715,4.0544734,0.0,0.12146,0.03217,60.801,,Mega Cap
2009-07-01 00:00:00+09:00,268.38507080078125,901.1270341641563,Mitsubishi Heavy Industries,Industrials,Specialty Industrial Machinery,37.095715,4.0544734,0.0,0.12146,0.03217,60.801,,Mega Cap
2009-08-01 00:00:00+09:00,272.6340026855469,915.3932054391094,Mitsubishi Heavy Industries,Industrials,Specialty Industrial Machinery,37.095715,4.0544734,0.0,0.12146,0.03217,60.801,,Mega Cap
2009-09-01 00:00:00+09:00,240.76763916015625,808.3990214200312,Mitsubishi Heavy Industries,Industrials,Specialty Industrial Machinery,37.095715,4.0544734,0.0,0.12146,0.03217,60.801,,Mega Cap
2009-10-01 00:00:00+09:00,232.15061950683594,779.4666022643672,Mitsubishi Heavy Industries,Industrials,Specialty Industrial Machinery,37.095715,4.0544734,0.0,0.12146,0.03217,60.801,,Mega Cap
2009-11-01 00:00:00+09:00,200.8174591064453,674.2626957342891,Mitsubishi Heavy Industries,Industrials,Specialty Industrial Machinery,37.095715,4.0544734,0.0,0.12146,0.03217,60.801,,Mega Cap
2009-12-01 00:00:00+09:00,232.15061950683594,779.4666022643672,Mitsubishi Heavy Industries,Industrials,Specialty Industrial Machinery,37.095715,4.0544734,0.0,0.12146,0.03217,60.801,,Mega Cap
2010-01-01 00:00:00+09:00,225.02943420410156,755.5565815898203,Mitsubishi Heavy Industries,Industrials,Specialty Industrial Machinery,37.095715,4.0544734,0.0,0.12146,0.03217,60.801,,Mega Cap
2010-02-01 00:00:00+09:00,234.99920654296875,789.0309896565938,Mitsubishi Heavy Industries,Industrials,Specialty Industrial Machinery,37.095715,4.0544734,0.0,0.12146,0.03217,60.801,,Mega Cap
2010-03-01 00:00:00+09:00,275.5898132324219,925.3176054204844,Mitsubishi Heavy Industries,Industrials,Specialty Industrial Machinery,37.095715,4.0544734,0.0,0.12146,0.03217,60.801,,Mega Cap
2010-04-01 00:00:00+09:00,272.0071105957031,913.2883588171406,Mitsubishi Heavy Industries,Industrials,Specialty Industrial Machinery,37.095715,4.0544734,0.0,0.12146,0.03217,60.801,,Mega Cap
2010-05-01 00:00:00+09:00,241.94317626953125,812.3459930819063,Mitsubishi Heavy Industries,Industrials,Specialty Industrial Machinery,37.095715,4.0544734,0.0,0.12146,0.03217,60.801,,Mega Cap
2010-06-01 00:00:00+09:00,221.1846923828125,742.6475148365626,Mitsubishi Heavy Industries,Industrials,Specialty Industrial Machinery,37.095715,4.0544734,0.0,0.12146,0.03217,60.801,,Mega Cap
2010-07-01 00:00:00+09:00,231.92185974121094,778.6985207592422,Mitsubishi Heavy Industries,Industrials,Specialty Industrial Machinery,37.095715,4.0544734,0.0,0.12146,0.03217,60.801,,Mega Cap
2010-08-01 00:00:00+09:00,216.88983154296875,728.2271329605937,Mitsubishi Heavy Industries,Industrials,Specialty Industrial Machinery,37.095715,4.0544734,0.0,0.12146,0.03217,60.801,,Mega Cap
2010-09-01 00:00:00+09:00,220.468994140625,740.244493564125,Mitsubishi Heavy Industries,Industrials,Specialty Industrial Machinery,37.095715,4.0544734,0.0,0.12146,0.03217,60.801,,Mega Cap
2010-10-01 00:00:00+09:00,211.06350708007812,708.6647241140156,Mitsubishi Heavy Industries,Industrials,Specialty Industrial Machinery,37.095715,4.0544734,0.0,0.12146,0.03217,60.801,,Mega Cap
2010-11-01 00:00:00+09:00,216.82627868652344,728.0137485243047,Mitsubishi Heavy Industries,Industrials,Specialty Industrial Machinery,37.095715,4.0544734,0.0,0.12146,0.03217,60.801,,Mega Cap
2010-12-01 00:00:00+09:00,219.70765686035156,737.6882351130703,Mitsubishi Heavy Industries,Industrials,Specialty Industrial Machinery,37.095715,4.0544734,0.0,0.12146,0.03217,60.801,,Mega Cap
2011-01-01 00:00:00+09:00,234.11474609375,786.06133408275,Mitsubishi Heavy Industries,Industrials,Specialty Industrial Machinery,37.095715,4.0544734,0.0,0.12146,0.03217,60.801,,Mega Cap
2011-02-01 00:00:00+09:00,249.9625244140625,839.2716763468125,Mitsubishi Heavy Industries,Industrials,Specialty Industrial Machinery,37.095715,4.0544734,0.0,0.12146,0.03217,60.801,,Mega Cap
2011-03-01 00:00:00+09:00,275.17486572265625,923.9243818045312,Mitsubishi Heavy Industries,Industrials,Specialty Industrial Machinery,37.095715,4.0544734,0.0,0.12146,0.03217,60.801,,Mega Cap
2011-04-01 00:00:00+09:00,278.8391418457031,936.2275187311407,Mitsubishi Heavy Industries,Industrials,Specialty Industrial Machinery,37.095715,4.0544734,0.0,0.12146,0.03217,60.801,,Mega Cap
2011-05-01 00:00:00+09:00,285.357421875,958.113230679,Mitsubishi Heavy Industries,Industrials,Specialty Industrial Machinery,37.095715,4.0544734,0.0,0.12146,0.03217,60.801,,Mega Cap
2011-06-01 00:00:00+09:00,273.0450134277344,916.7732110035469,Mitsubishi Heavy Industries,Industrials,Specialty Industrial Machinery,37.095715,4.0544734,0.0,0.12146,0.03217,60.801,,Mega Cap
2011-07-01 00:00:00+09:00,260.7326965332031,875.4334987246406,Mitsubishi Heavy Industries,Industrials,Specialty Industrial Machinery,37.095715,4.0544734,0.0,0.12146,0.03217,60.801,,Mega Cap
2011-08-01 00:00:00+09:00,233.9351043701172,785.4581708250234,Mitsubishi Heavy Industries,Industrials,Specialty Industrial Machinery,37.095715,4.0544734,0.0,0.12146,0.03217,60.801,,Mega Cap
2011-09-01 00:00:00+09:00,238.2806854248047,800.0488503879609,Mitsubishi Heavy Industries,Industrials,Specialty Industrial Machinery,37.095715,4.0544734,0.0,0.12146,0.03217,60.801,,Mega Cap
2011-10-01 00:00:00+09:00,237.5497589111328,797.5946988232265,Mitsubishi Heavy Industries,Industrials,Specialty Industrial Machinery,37.095715,4.0544734,0.0,0.12146,0.03217,60.801,,Mega Cap
2011-11-01 00:00:00+09:00,232.43336486816406,780.4159452666328,Mitsubishi Heavy Industries,Industrials,Specialty Industrial Machinery,37.095715,4.0544734,0.0,0.12146,0.03217,60.801,,Mega Cap
2011-12-01 00:00:00+09:00,239.7424774169922,804.9569485863984,Mitsubishi Heavy Industries,Industrials,Specialty Industrial Machinery,37.095715,4.0544734,0.0,0.12146,0.03217,60.801,,Mega Cap
2012-01-01 00:00:00+09:00,255.09193420410156,856.4941314458204,Mitsubishi Heavy Industries,Industrials,Specialty Industrial Machinery,37.095715,4.0544734,0.0,0.12146,0.03217,60.801,,Mega Cap
2012-02-01 00:00:00+09:00,278.4814147949219,935.0264179569843,Mitsubishi Heavy Industries,Industrials,Specialty Industrial Machinery,37.095715,4.0544734,0.0,0.12146,0.03217,60.801,,Mega Cap
2012-03-01 00:00:00+09:00,293.0998229980469,984.1090393896094,Mitsubishi Heavy Industries,Industrials,Specialty Industrial Machinery,37.095715,4.0544734,0.0,0.12146,0.03217,60.801,,Mega Cap
2012-04-01 00:00:00+09:00,268.02166748046875,899.9068748040937,Mitsubishi Heavy Industries,Industrials,Specialty Industrial Machinery,37.095715,4.0544734,0.0,0.12146,0.03217,60.801,,Mega Cap
2012-05-01 00:00:00+09:00,233.41452026367188,783.7102628267344,Mitsubishi Heavy Industries,Industrials,Specialty Industrial Machinery,37.095715,4.0544734,0.0,0.12146,0.03217,60.801,,Mega Cap
2012-06-01 00:00:00+09:00,237.09605407714844,796.0713440024297,Mitsubishi Heavy Industries,Industrials,Specialty Industrial Machinery,37.095715,4.0544734,0.0,0.12146,0.03217,60.801,,Mega Cap
2012-07-01 00:00:00+09:00,231.20550537109375,776.2932964782187,Mitsubishi Heavy Industries,Industrials,Specialty Industrial Machinery,37.095715,4.0544734,0.0,0.12146,0.03217,60.801,,Mega Cap
2012-08-01 00:00:00+09:00,238.5687255859375,801.0159711571876,Mitsubishi Heavy Industries,Industrials,Specialty Industrial Machinery,37.095715,4.0544734,0.0,0.12146,0.03217,60.801,,Mega Cap
2012-09-01 00:00:00+09:00,248.8772735595703,835.627848912914,Mitsubishi Heavy Industries,Industrials,Specialty Industrial Machinery,37.095715,4.0544734,0.0,0.12146,0.03217,60.801,,Mega Cap
2012-10-01 00:00:00+09:00,249.55596923828125,837.9066307476562,Mitsubishi Heavy Industries,Industrials,Specialty Industrial Machinery,37.095715,4.0544734,0.0,0.12146,0.03217,60.801,,Mega Cap
2012-11-01 00:00:00+09:00,284.4640808105469,955.1137576401094,Mitsubishi Heavy Industries,Industrials,Specialty Industrial Machinery,37.095715,4.0544734,0.0,0.12146,0.03217,60.801,,Mega Cap
2012-12-01 00:00:00+09:00,308.2312927246094,1034.914311070922,Mitsubishi Heavy Industries,Industrials,Specialty Industrial Machinery,37.095715,4.0544734,0.0,0.12146,0.03217,60.801,,Mega Cap
2013-01-01 00:00:00+09:00,363.1930236816406,1219.453270194328,Mitsubishi Heavy Industries,Industrials,Specialty Industrial Machinery,37.095715,4.0544734,0.0,0.12146,0.03217,60.801,,Mega Cap
2013-02-01 00:00:00+09:00,381.7611999511719,1281.7975934522344,Mitsubishi Heavy Industries,Industrials,Specialty Industrial Machinery,37.095715,4.0544734,0.0,0.12146,0.03217,60.801,,Mega Cap
2013-03-01 00:00:00+09:00,397.3584289550781,1334.1666938330156,Mitsubishi Heavy Industries,Industrials,Specialty Industrial Machinery,37.095715,4.0544734,0.0,0.12146,0.03217,60.801,,Mega Cap
2013-04-01 00:00:00+09:00,503.1612243652344,1689.4091033670468,Mitsubishi Heavy Industries,Industrials,Specialty Industrial Machinery,37.095715,4.0544734,0.0,0.12146,0.03217,60.801,,Mega Cap
2013-05-01 00:00:00+09:00,473.9163818359375,1591.2169120711876,Mitsubishi Heavy Industries,Industrials,Specialty Industrial Machinery,37.095715,4.0544734,0.0,0.12146,0.03217,60.801,,Mega Cap
2013-06-01 00:00:00+09:00,413.1770935058594,1387.279283995172,Mitsubishi Heavy Industries,Industrials,Specialty Industrial Machinery,37.095715,4.0544734,0.0,0.12146,0.03217,60.801,,Mega Cap
2013-07-01 00:00:00+09:00,395.1802673339844,1326.853320120797,Mitsubishi Heavy Industries,Industrials,Specialty Industrial Machinery,37.095715,4.0544734,0.0,0.12146,0.03217,60.801,,Mega Cap
2013-08-01 00:00:00+09:00,404.1786193847656,1357.066097126953,Mitsubishi Heavy Industries,Industrials,Specialty Industrial Machinery,37.095715,4.0544734,0.0,0.12146,0.03217,60.801,,Mega Cap
2013-09-01 00:00:00+09:00,422.175537109375,1417.492368397875,Mitsubishi Heavy Industries,Industrials,Specialty Industrial Machinery,37.095715,4.0544734,0.0,0.12146,0.03217,60.801,,Mega Cap
2013-10-01 00:00:00+09:00,469.6288146972656,1576.8210194534531,Mitsubishi Heavy Industries,Industrials,Specialty Industrial Machinery,37.095715,4.0544734,0.0,0.12146,0.03217,60.801,,Mega Cap
2013-11-01 00:00:00+09:00,496.0549011230469,1665.5489833986094,Mitsubishi Heavy Industries,Industrials,Specialty Industrial Machinery,37.095715,4.0544734,0.0,0.12146,0.03217,60.801,,Mega Cap
2013-12-01 00:00:00+09:00,491.52471923828125,1650.3384899316563,Mitsubishi Heavy Industries,Industrials,Specialty Industrial Machinery,37.095715,4.0544734,0.0,0.12146,0.03217,60.801,,Mega Cap
2014-01-01 00:00:00+09:00,505.8702392578125,1698.5048647235626,Mitsubishi Heavy Industries,Industrials,Specialty Industrial Machinery,37.095715,4.0544734,0.0,0.12146,0.03217,60.801,,Mega Cap
2014-02-01 00:00:00+09:00,471.8939208984375,1584.4263174196874,Mitsubishi Heavy Industries,Industrials,Specialty Industrial Machinery,37.095715,4.0544734,0.0,0.12146,0.03217,60.801,,Mega Cap
2014-03-01 00:00:00+09:00,450.7530212402344,1513.4438437980468,Mitsubishi Heavy Industries,Industrials,Specialty Industrial Machinery,37.095715,4.0544734,0.0,0.12146,0.03217,60.801,,Mega Cap
2014-04-01 00:00:00+09:00,409.0223693847656,1373.3294237669531,Mitsubishi Heavy Industries,Industrials,Specialty Industrial Machinery,37.095715,4.0544734,0.0,0.12146,0.03217,60.801,,Mega Cap
2014-05-01 00:00:00+09:00,450.83685302734375,1513.7253165694688,Mitsubishi Heavy Industries,Industrials,Specialty Industrial Machinery,37.095715,4.0544734,0.0,0.12146,0.03217,60.801,,Mega Cap
2014-06-01 00:00:00+09:00,480.48712158203125,1613.2787622404062,Mitsubishi Heavy Industries,Industrials,Specialty Industrial Machinery,37.095715,4.0544734,0.0,0.12146,0.03217,60.801,,Mega Cap
2014-07-01 00:00:00+09:00,515.5353393554688,1730.9563083150938,Mitsubishi Heavy Industries,Industrials,Specialty Industrial Machinery,37.095715,4.0544734,0.0,0.12146,0.03217,60.801,,Mega Cap
2014-08-01 00:00:00+09:00,486.79730224609375,1634.4657618372187,Mitsubishi Heavy Industries,Industrials,Specialty Industrial Machinery,37.095715,4.0544734,0.0,0.12146,0.03217,60.801,,Mega Cap
2014-09-01 00:00:00+09:00,536.4425659179688,1801.1542034835938,Mitsubishi Heavy Industries,Industrials,Specialty Industrial Machinery,37.095715,4.0544734,0.0,0.12146,0.03217,60.801,,Mega Cap
2014-10-01 00:00:00+09:00,523.343017578125,1757.171290763625,Mitsubishi Heavy Industries,Industrials,Specialty Industrial Machinery,37.095715,4.0544734,0.0,0.12146,0.03217,60.801,,Mega Cap
2014-11-01 00:00:00+09:00,530.2332153320312,1780.3057499504062,Mitsubishi Heavy Industries,Industrials,Specialty Industrial Machinery,37.095715,4.0544734,0.0,0.12146,0.03217,60.801,,Mega Cap
2014-12-01 00:00:00+09:00,512.7782592773438,1721.6991637714686,Mitsubishi Heavy Industries,Industrials,Specialty Industrial Machinery,37.095715,4.0544734,0.0,0.12146,0.03217,60.801,,Mega Cap
2015-01-01 00:00:00+09:00,501.5244140625,1683.9133654365,Mitsubishi Heavy Industries,Industrials,Specialty Industrial Machinery,37.095715,4.0544734,0.0,0.12146,0.03217,60.801,,Mega Cap
2015-02-01 00:00:00+09:00,507.34259033203125,1703.4484159904061,Mitsubishi Heavy Industries,Industrials,Specialty Industrial Machinery,37.095715,4.0544734,0.0,0.12146,0.03217,60.801,,Mega Cap
2015-03-01 00:00:00+09:00,507.0364074707031,1702.4203794721407,Mitsubishi Heavy Industries,Industrials,Specialty Industrial Machinery,37.095715,4.0544734,0.0,0.12146,0.03217,60.801,,Mega Cap
2015-04-01 00:00:00+09:00,515.783935546875,1731.790992405375,Mitsubishi Heavy Industries,Industrials,Specialty Industrial Machinery,37.095715,4.0544734,0.0,0.12146,0.03217,60.801,,Mega Cap
2015-05-01 00:00:00+09:00,609.4856567382812,2046.4029559596563,Mitsubishi Heavy Industries,Industrials,Specialty Industrial Machinery,37.095715,4.0544734,0.0,0.12146,0.03217,60.801,,Mega Cap
2015-06-01 00:00:00+09:00,575.2648315429688,1931.5034549445938,Mitsubishi Heavy Industries,Industrials,Specialty Industrial Machinery,37.095715,4.0544734,0.0,0.12146,0.03217,60.801,,Mega Cap
2015-07-01 00:00:00+09:00,506.9004821777344,1701.9639980655468,Mitsubishi Heavy Industries,Industrials,Specialty Industrial Machinery,37.095715,4.0544734,0.0,0.12146,0.03217,60.801,,Mega Cap
2015-08-01 00:00:00+09:00,447.5741271972656,1502.770420897453,Mitsubishi Heavy Industries,Industrials,Specialty Industrial Machinery,37.095715,4.0544734,0.0,0.12146,0.03217,60.801,,Mega Cap
2015-09-01 00:00:00+09:00,411.26763916015625,1380.8681191480312,Mitsubishi Heavy Industries,Industrials,Specialty Industrial Machinery,37.095715,4.0544734,0.0,0.12146,0.03217,60.801,,Mega Cap
2015-10-01 00:00:00+09:00,479.6383972167969,1610.4290937853593,Mitsubishi Heavy Industries,Industrials,Specialty Industrial Machinery,37.095715,4.0544734,0.0,0.12146,0.03217,60.801,,Mega Cap
2015-11-01 00:00:00+09:00,492.13494873046875,1652.3873903820938,Mitsubishi Heavy Industries,Industrials,Specialty Industrial Machinery,37.095715,4.0544734,0.0,0.12146,0.03217,60.801,,Mega Cap
2015-12-01 00:00:00+09:00,416.5299987792969,1398.5369652658594,Mitsubishi Heavy Industries,Industrials,Specialty Industrial Machinery,37.095715,4.0544734,0.0,0.12146,0.03217,60.801,,Mega Cap
2016-01-01 00:00:00+09:00,364.43450927734375,1223.6216698354688,Mitsubishi Heavy Industries,Industrials,Specialty Industrial Machinery,37.095715,4.0544734,0.0,0.12146,0.03217,60.801,,Mega Cap
2016-02-01 00:00:00+09:00,313.9791259765625,1054.2131786113125,Mitsubishi Heavy Industries,Industrials,Specialty Industrial Machinery,37.095715,4.0544734,0.0,0.12146,0.03217,60.801,,Mega Cap
2016-03-01 00:00:00+09:00,326.5539245605469,1096.4341967901094,Mitsubishi Heavy Industries,Industrials,Specialty Industrial Machinery,37.095715,4.0544734,0.0,0.12146,0.03217,60.801,,Mega Cap
2016-04-01 00:00:00+09:00,314.85052490234375,1057.1389789444688,Mitsubishi Heavy Industries,Industrials,Specialty Industrial Machinery,37.095715,4.0544734,0.0,0.12146,0.03217,60.801,,Mega Cap
2016-05-01 00:00:00+09:00,356.197021484375,1195.963563064875,Mitsubishi Heavy Industries,Industrials,Specialty Industrial Machinery,37.095715,4.0544734,0.0,0.12146,0.03217,60.801,,Mega Cap
2016-06-01 00:00:00+09:00,322.6921081542969,1083.4678005808594,Mitsubishi Heavy Industries,Industrials,Specialty Industrial Machinery,37.095715,4.0544734,0.0,0.12146,0.03217,60.801,,Mega Cap
2016-07-01 00:00:00+09:00,350.9693603515625,1178.4112202383126,Mitsubishi Heavy Industries,Industrials,Specialty Industrial Machinery,37.095715,4.0544734,0.0,0.12146,0.03217,60.801,,Mega Cap
2016-08-01 00:00:00+09:00,356.75140380859375,1197.8249516217188,Mitsubishi Heavy Industries,Industrials,Specialty Industrial Machinery,37.095715,4.0544734,0.0,0.12146,0.03217,60.801,,Mega Cap
2016-09-01 00:00:00+09:00,331.95941162109375,1114.5836061762188,Mitsubishi Heavy Industries,Industrials,Specialty Industrial Machinery,37.095715,4.0544734,0.0,0.12146,0.03217,60.801,,Mega Cap
2016-10-01 00:00:00+09:00,360.92620849609375,1211.8422341592188,Mitsubishi Heavy Industries,Industrials,Specialty Industrial Machinery,37.095715,4.0544734,0.0,0.12146,0.03217,60.801,,Mega Cap
2016-11-01 00:00:00+09:00,407.0258483886719,1366.6259248037343,Mitsubishi Heavy Industries,Industrials,Specialty Industrial Machinery,37.095715,4.0544734,0.0,0.12146,0.03217,60.801,,Mega Cap
2016-12-01 00:00:00+09:00,427.7465515136719,1436.1975507407344,Mitsubishi Heavy Industries,Industrials,Specialty Industrial Machinery,37.095715,4.0544734,0.0,0.12146,0.03217,60.801,,Mega Cap
2017-01-01 00:00:00+09:00,408.71240234375,1372.28868152475,Mitsubishi Heavy Industries,Industrials,Specialty Industrial Machinery,37.095715,4.0544734,0.0,0.12146,0.03217,60.801,,Mega Cap
2017-02-01 00:00:00+09:00,356.5893249511719,1197.2807572682343,Mitsubishi Heavy Industries,Industrials,Specialty Industrial Machinery,37.095715,4.0544734,0.0,0.12146,0.03217,60.801,,Mega Cap
2017-03-01 00:00:00+09:00,358.677490234375,1204.291960174875,Mitsubishi Heavy Industries,Industrials,Specialty Industrial Machinery,37.095715,4.0544734,0.0,0.12146,0.03217,60.801,,Mega Cap
2017-04-01 00:00:00+09:00,362.8768615722656,1218.391727452453,Mitsubishi Heavy Industries,Industrials,Specialty Industrial Machinery,37.095715,4.0544734,0.0,0.12146,0.03217,60.801,,Mega Cap
2017-05-01 00:00:00+09:00,355.3101806640625,1192.9859151808125,Mitsubishi Heavy Industries,Industrials,Specialty Industrial Machinery,37.095715,4.0544734,0.0,0.12146,0.03217,60.801,,Mega Cap
2017-06-01 00:00:00+09:00,374.1048889160156,1256.090839961203,Mitsubishi Heavy Industries,Industrials,Specialty Industrial Machinery,37.095715,4.0544734,0.0,0.12146,0.03217,60.801,,Mega Cap
2017-07-01 00:00:00+09:00,357.42559814453125,1200.0886197929062,Mitsubishi Heavy Industries,Industrials,Specialty Industrial Machinery,37.095715,4.0544734,0.0,0.12146,0.03217,60.801,,Mega Cap
2017-08-01 00:00:00+09:00,342.45489501953125,1149.8231364479063,Mitsubishi Heavy Industries,Industrials,Specialty Industrial Machinery,37.095715,4.0544734,0.0,0.12146,0.03217,60.801,,Mega Cap
2017-09-01 00:00:00+09:00,361.98193359375,1215.38692620675,Mitsubishi Heavy Industries,Industrials,Specialty Industrial Machinery,37.095715,4.0544734,0.0,0.12146,0.03217,60.801,,Mega Cap
2017-10-01 00:00:00+09:00,364.431640625,1223.612038077,Mitsubishi Heavy Industries,Industrials,Specialty Industrial Machinery,37.095715,4.0544734,0.0,0.12146,0.03217,60.801,,Mega Cap
2017-11-01 00:00:00+09:00,342.2474365234375,1149.1265758726875,Mitsubishi Heavy Industries,Industrials,Specialty Industrial Machinery,37.095715,4.0544734,0.0,0.12146,0.03217,60.801,,Mega Cap
2017-12-01 00:00:00+09:00,347.195556640625,1165.740334576125,Mitsubishi Heavy Industries,Industrials,Specialty Industrial Machinery,37.095715,4.0544734,0.0,0.12146,0.03217,60.801,,Mega Cap
2018-01-01 00:00:00+09:00,338.2889404296875,1135.8355689099376,Mitsubishi Heavy Industries,Industrials,Specialty Industrial Machinery,37.095715,4.0544734,0.0,0.12146,0.03217,60.801,,Mega Cap
2018-02-01 00:00:00+09:00,361.3802795410156,1213.3668185662032,Mitsubishi Heavy Industries,Industrials,Specialty Industrial Machinery,37.095715,4.0544734,0.0,0.12146,0.03217,60.801,,Mega Cap
2018-03-01 00:00:00+09:00,335.97967529296875,1128.0820033425937,Mitsubishi Heavy Industries,Industrials,Specialty Industrial Machinery,37.095715,4.0544734,0.0,0.12146,0.03217,60.801,,Mega Cap
2018-04-01 00:00:00+09:00,362.17425537109375,1216.0326638862186,Mitsubishi Heavy Industries,Industrials,Specialty Industrial Machinery,37.095715,4.0544734,0.0,0.12146,0.03217,60.801,,Mega Cap
2018-05-01 00:00:00+09:00,344.9279479980469,1158.1266344376095,Mitsubishi Heavy Industries,Industrials,Specialty Industrial Machinery,37.095715,4.0544734,0.0,0.12146,0.03217,60.801,,Mega Cap
2018-06-01 00:00:00+09:00,337.4767761230469,1133.1086541426093,Mitsubishi Heavy Industries,Industrials,Specialty Industrial Machinery,37.095715,4.0544734,0.0,0.12146,0.03217,60.801,,Mega Cap
2018-07-01 00:00:00+09:00,350.53717041015625,1176.9601036060312,Mitsubishi Heavy Industries,Industrials,Specialty Industrial Machinery,37.095715,4.0544734,0.0,0.12146,0.03217,60.801,,Mega Cap
2018-08-01 00:00:00+09:00,345.43023681640625,1159.8131143592811,Mitsubishi Heavy Industries,Industrials,Specialty Industrial Machinery,37.095715,4.0544734,0.0,0.12146,0.03217,60.801,,Mega Cap
2018-09-01 00:00:00+09:00,367.28125,1233.179858064,Mitsubishi Heavy Industries,Industrials,Specialty Industrial Machinery,37.095715,4.0544734,0.0,0.12146,0.03217,60.801,,Mega Cap
2018-10-01 00:00:00+09:00,339.0323791503906,1138.331731336078,Mitsubishi Heavy Industries,Industrials,Specialty Industrial Machinery,37.095715,4.0544734,0.0,0.12146,0.03217,60.801,,Mega Cap
2018-11-01 00:00:00+09:00,366.90972900390625,1231.9324428767814,Mitsubishi Heavy Industries,Industrials,Specialty Industrial Machinery,37.095715,4.0544734,0.0,0.12146,0.03217,60.801,,Mega Cap
2018-12-01 00:00:00+09:00,336.2276306152344,1128.9145356570468,Mitsubishi Heavy Industries,Industrials,Specialty Industrial Machinery,37.095715,4.0544734,0.0,0.12146,0.03217,60.801,,Mega Cap
2019-01-01 00:00:00+09:00,357.220703125,1199.400666321,Mitsubishi Heavy Industries,Industrials,Specialty Industrial Machinery,37.095715,4.0544734,0.0,0.12146,0.03217,60.801,,Mega Cap
2019-02-01 00:00:00+09:00,385.0978698730469,1293.0007630686093,Mitsubishi Heavy Industries,Industrials,Specialty Industrial Machinery,37.095715,4.0544734,0.0,0.12146,0.03217,60.801,,Mega Cap
2019-03-01 00:00:00+09:00,390.7923583984375,1312.1205208876875,Mitsubishi Heavy Industries,Industrials,Specialty Industrial Machinery,37.095715,4.0544734,0.0,0.12146,0.03217,60.801,,Mega Cap
2019-04-01 00:00:00+09:00,398.3370666503906,1337.452557988078,Mitsubishi Heavy Industries,Industrials,Specialty Industrial Machinery,37.095715,4.0544734,0.0,0.12146,0.03217,60.801,,Mega Cap
2019-05-01 00:00:00+09:00,410.57763671875,1378.55137383975,Mitsubishi Heavy Industries,Industrials,Specialty Industrial Machinery,37.095715,4.0544734,0.0,0.12146,0.03217,60.801,,Mega Cap
2019-06-01 00:00:00+09:00,404.3711853027344,1357.7126545305468,Mitsubishi Heavy Industries,Industrials,Specialty Industrial Machinery,37.095715,4.0544734,0.0,0.12146,0.03217,60.801,,Mega Cap
2019-07-01 00:00:00+09:00,388.59625244140625,1304.7468974522812,Mitsubishi Heavy Industries,Industrials,Specialty Industrial Machinery,37.095715,4.0544734,0.0,0.12146,0.03217,60.801,,Mega Cap
2019-08-01 00:00:00+09:00,344.1163024902344,1155.401461584047,Mitsubishi Heavy Industries,Industrials,Specialty Industrial Machinery,37.095715,4.0544734,0.0,0.12146,0.03217,60.801,,Mega Cap
2019-09-01 00:00:00+09:00,364.8046875,1224.86457654,Mitsubishi Heavy Industries,Industrials,Specialty Industrial Machinery,37.095715,4.0544734,0.0,0.12146,0.03217,60.801,,Mega Cap
2019-10-01 00:00:00+09:00,386.0604553222656,1296.2327303624531,Mitsubishi Heavy Industries,Industrials,Specialty Industrial Machinery,37.095715,4.0544734,0.0,0.12146,0.03217,60.801,,Mega Cap
2019-11-01 00:00:00+09:00,367.2923889160156,1233.2172579772032,Mitsubishi Heavy Industries,Industrials,Specialty Industrial Machinery,37.095715,4.0544734,0.0,0.12146,0.03217,60.801,,Mega Cap
2019-12-01 00:00:00+09:00,372.5544738769531,1250.8851819053907,Mitsubishi Heavy Industries,Industrials,Specialty Industrial Machinery,37.095715,4.0544734,0.0,0.12146,0.03217,60.801,,Mega Cap
2020-01-01 00:00:00+09:00,352.9094543457031,1184.9252604631406,Mitsubishi Heavy Industries,Industrials,Specialty Industrial Machinery,37.095715,4.0544734,0.0,0.12146,0.03217,60.801,,Mega Cap
2020-02-01 00:00:00+09:00,299.8502502441406,1006.7742065148282,Mitsubishi Heavy Industries,Industrials,Specialty Industrial Machinery,37.095715,4.0544734,0.0,0.12146,0.03217,60.801,,Mega Cap
2020-03-01 00:00:00+09:00,239.64340209960938,804.6242942899219,Mitsubishi Heavy Industries,Industrials,Specialty Industrial Machinery,37.095715,4.0544734,0.0,0.12146,0.03217,60.801,,Mega Cap
2020-04-01 00:00:00+09:00,248.75579833984375,835.2199849279688,Mitsubishi Heavy Industries,Industrials,Specialty Industrial Machinery,37.095715,4.0544734,0.0,0.12146,0.03217,60.801,,Mega Cap
2020-05-01 00:00:00+09:00,250.9161376953125,842.4735187790625,Mitsubishi Heavy Industries,Industrials,Specialty Industrial Machinery,37.095715,4.0544734,0.0,0.12146,0.03217,60.801,,Mega Cap
2020-06-01 00:00:00+09:00,228.90753173828125,768.5776431516563,Mitsubishi Heavy Industries,Industrials,Specialty Industrial Machinery,37.095715,4.0544734,0.0,0.12146,0.03217,60.801,,Mega Cap
2020-07-01 00:00:00+09:00,220.22109985351562,739.4121661807031,Mitsubishi Heavy Industries,Industrials,Specialty Industrial Machinery,37.095715,4.0544734,0.0,0.12146,0.03217,60.801,,Mega Cap
2020-08-01 00:00:00+09:00,237.05389404296875,795.9297878925937,Mitsubishi Heavy Industries,Industrials,Specialty Industrial Machinery,37.095715,4.0544734,0.0,0.12146,0.03217,60.801,,Mega Cap
2020-09-01 00:00:00+09:00,209.77940368652344,704.3532313803047,Mitsubishi Heavy Industries,Industrials,Specialty Industrial Machinery,37.095715,4.0544734,0.0,0.12146,0.03217,60.801,,Mega Cap
2020-10-01 00:00:00+09:00,201.13796997070312,675.3388398121406,Mitsubishi Heavy Industries,Industrials,Specialty Industrial Machinery,37.095715,4.0544734,0.0,0.12146,0.03217,60.801,,Mega Cap
2020-11-01 00:00:00+09:00,211.6697235107422,710.7001503491484,Mitsubishi Heavy Industries,Industrials,Specialty Industrial Machinery,37.095715,4.0544734,0.0,0.12146,0.03217,60.801,,Mega Cap
2020-12-01 00:00:00+09:00,284.0865783691406,953.8462592118282,Mitsubishi Heavy Industries,Industrials,Specialty Industrial Machinery,37.095715,4.0544734,0.0,0.12146,0.03217,60.801,,Mega Cap
2021-01-01 00:00:00+09:00,269.8642272949219,906.0934352409844,Mitsubishi Heavy Industries,Industrials,Specialty Industrial Machinery,37.095715,4.0544734,0.0,0.12146,0.03217,60.801,,Mega Cap
2021-02-01 00:00:00+09:00,276.165283203125,927.249797648625,Mitsubishi Heavy Industries,Industrials,Specialty Industrial Machinery,37.095715,4.0544734,0.0,0.12146,0.03217,60.801,,Mega Cap
2021-03-01 00:00:00+09:00,310.4609069824219,1042.4004416424843,Mitsubishi Heavy Industries,Industrials,Specialty Industrial Machinery,37.095715,4.0544734,0.0,0.12146,0.03217,60.801,,Mega Cap
2021-04-01 00:00:00+09:00,298.65771484375,1002.77016156075,Mitsubishi Heavy Industries,Industrials,Specialty Industrial Machinery,37.095715,4.0544734,0.0,0.12146,0.03217,60.801,,Mega Cap
2021-05-01 00:00:00+09:00,304.91229248046875,1023.7704689880937,Mitsubishi Heavy Industries,Industrials,Specialty Industrial Machinery,37.095715,4.0544734,0.0,0.12146,0.03217,60.801,,Mega Cap
2021-06-01 00:00:00+09:00,300.68121337890625,1009.5642400397812,Mitsubishi Heavy Industries,Industrials,Specialty Industrial Machinery,37.095715,4.0544734,0.0,0.12146,0.03217,60.801,,Mega Cap
2021-07-01 00:00:00+09:00,289.18377685546875,970.9605619590938,Mitsubishi Heavy Industries,Industrials,Specialty Industrial Machinery,37.095715,4.0544734,0.0,0.12146,0.03217,60.801,,Mega Cap
2021-08-01 00:00:00+09:00,267.5685729980469,898.3855692936094,Mitsubishi Heavy Industries,Industrials,Specialty Industrial Machinery,37.095715,4.0544734,0.0,0.12146,0.03217,60.801,,Mega Cap
2021-09-01 00:00:00+09:00,278.1462097167969,933.9009367333593,Mitsubishi Heavy Industries,Industrials,Specialty Industrial Machinery,37.095715,4.0544734,0.0,0.12146,0.03217,60.801,,Mega Cap
2021-10-01 00:00:00+09:00,271.5423583984375,911.7279114796875,Mitsubishi Heavy Industries,Industrials,Specialty Industrial Machinery,37.095715,4.0544734,0.0,0.12146,0.03217,60.801,,Mega Cap
2021-11-01 00:00:00+09:00,239.05809020996094,802.6590569329921,Mitsubishi Heavy Industries,Industrials,Specialty Industrial Machinery,37.095715,4.0544734,0.0,0.12146,0.03217,60.801,,Mega Cap
2021-12-01 00:00:00+09:00,248.20594787597656,833.3738125001953,Mitsubishi Heavy Industries,Industrials,Specialty Industrial Machinery,37.095715,4.0544734,0.0,0.12146,0.03217,60.801,,Mega Cap
2022-01-01 00:00:00+09:00,289.27801513671875,971.2769754713438,Mitsubishi Heavy Industries,Industrials,Specialty Industrial Machinery,37.095715,4.0544734,0.0,0.12146,0.03217,60.801,,Mega Cap
2022-02-01 00:00:00+09:00,317.0016784667969,1064.3616706753594,Mitsubishi Heavy Industries,Industrials,Specialty Industrial Machinery,37.095715,4.0544734,0.0,0.12146,0.03217,60.801,,Mega Cap
2022-03-01 00:00:00+09:00,375.24932861328125,1259.9333992626562,Mitsubishi Heavy Industries,Industrials,Specialty Industrial Machinery,37.095715,4.0544734,0.0,0.12146,0.03217,60.801,,Mega Cap
2022-04-01 00:00:00+09:00,419.63629150390625,1408.9666227047812,Mitsubishi Heavy Industries,Industrials,Specialty Industrial Machinery,37.095715,4.0544734,0.0,0.12146,0.03217,60.801,,Mega Cap
2022-05-01 00:00:00+09:00,462.6880798339844,1553.516877372797,Mitsubishi Heavy Industries,Industrials,Specialty Industrial Machinery,37.095715,4.0544734,0.0,0.12146,0.03217,60.801,,Mega Cap
2022-06-01 00:00:00+09:00,448.96826171875,1507.45135304775,Mitsubishi Heavy Industries,Industrials,Specialty Industrial Machinery,37.095715,4.0544734,0.0,0.12146,0.03217,60.801,,Mega Cap
2022-07-01 00:00:00+09:00,465.6212463378906,1563.3652479415782,Mitsubishi Heavy Industries,Industrials,Specialty Industrial Machinery,37.095715,4.0544734,0.0,0.12146,0.03217,60.801,,Mega Cap
2022-08-01 00:00:00+09:00,508.4837646484375,1707.2800114816876,Mitsubishi Heavy Industries,Industrials,Specialty Industrial Machinery,37.095715,4.0544734,0.0,0.12146,0.03217,60.801,,Mega Cap
2022-09-01 00:00:00+09:00,454.74005126953125,1526.8306560179062,Mitsubishi Heavy Industries,Industrials,Specialty Industrial Machinery,37.095715,4.0544734,0.0,0.12146,0.03217,60.801,,Mega Cap
2022-10-01 00:00:00+09:00,490.6375732421875,1647.3598173924374,Mitsubishi Heavy Industries,Industrials,Specialty Industrial Machinery,37.095715,4.0544734,0.0,0.12146,0.03217,60.801,,Mega Cap
2022-11-01 00:00:00+09:00,522.9314575195312,1755.7894408199063,Mitsubishi Heavy Industries,Industrials,Specialty Industrial Machinery,37.095715,4.0544734,0.0,0.12146,0.03217,60.801,,Mega Cap
2022-12-01 00:00:00+09:00,501.5618896484375,1684.0391930896874,Mitsubishi Heavy Industries,Industrials,Specialty Industrial Machinery,37.095715,4.0544734,0.0,0.12146,0.03217,60.801,,Mega Cap
2023-01-01 00:00:00+09:00,486.8044738769531,1634.4898412333907,Mitsubishi Heavy Industries,Industrials,Specialty Industrial Machinery,37.095715,4.0544734,0.0,0.12146,0.03217,60.801,,Mega Cap
2023-02-01 00:00:00+09:00,480.5756530761719,1613.5760147012343,Mitsubishi Heavy Industries,Industrials,Specialty Industrial Machinery,37.095715,4.0544734,0.0,0.12146,0.03217,60.801,,Mega Cap
2023-03-01 00:00:00+09:00,467.2556457519531,1568.8528910963905,Mitsubishi Heavy Industries,Industrials,Specialty Industrial Machinery,37.095715,4.0544734,0.0,0.12146,0.03217,60.801,,Mega Cap
2023-04-01 00:00:00+09:00,498.60711669921875,1674.1182769358438,Mitsubishi Heavy Industries,Industrials,Specialty Industrial Machinery,37.095715,4.0544734,0.0,0.12146,0.03217,60.801,,Mega Cap
2023-05-01 00:00:00+09:00,574.3658447265625,1928.4850257853125,Mitsubishi Heavy Industries,Industrials,Specialty Industrial Machinery,37.095715,4.0544734,0.0,0.12146,0.03217,60.801,,Mega Cap
2023-06-01 00:00:00+09:00,652.653076171875,2191.341452466375,Mitsubishi Heavy Industries,Industrials,Specialty Industrial Machinery,37.095715,4.0544734,0.0,0.12146,0.03217,60.801,,Mega Cap
2023-07-01 00:00:00+09:00,654.5980224609375,2197.8717847081875,Mitsubishi Heavy Industries,Industrials,Specialty Industrial Machinery,37.095715,4.0544734,0.0,0.12146,0.03217,60.801,,Mega Cap
2023-08-01 00:00:00+09:00,804.2677001953125,2700.4012003670623,Mitsubishi Heavy Industries,Industrials,Specialty Industrial Machinery,37.095715,4.0544734,0.0,0.12146,0.03217,60.801,,Mega Cap
2023-09-01 00:00:00+09:00,811.6588134765625,2725.2175285273124,Mitsubishi Heavy Industries,Industrials,Specialty Industrial Machinery,37.095715,4.0544734,0.0,0.12146,0.03217,60.801,,Mega Cap
2023-10-01 00:00:00+09:00,755.2098388671875,2535.6850149654374,Mitsubishi Heavy Industries,Industrials,Specialty Industrial Machinery,37.095715,4.0544734,0.0,0.12146,0.03217,60.801,,Mega Cap
2023-11-01 00:00:00+09:00,811.76220703125,2725.56468169425,Mitsubishi Heavy Industries,Industrials,Specialty Industrial Machinery,37.095715,4.0544734,0.0,0.12146,0.03217,60.801,,Mega Cap
2023-12-01 00:00:00+09:00,809.1112670898438,2716.6639122139686,Mitsubishi Heavy Industries,Industrials,Specialty Industrial Machinery,37.095715,4.0544734,0.0,0.12146,0.03217,60.801,,Mega Cap
2024-01-01 00:00:00+09:00,976.1175537109375,3277.4025527821873,Mitsubishi Heavy Industries,Industrials,Specialty Industrial Machinery,37.095715,4.0544734,0.0,0.12146,0.03217,60.801,,Mega Cap
2024-02-01 00:00:00+09:00,1160.99267578125,3898.13741685225,Mitsubishi Heavy Industries,Industrials,Specialty Industrial Machinery,37.095715,4.0544734,0.0,0.12146,0.03217,60.801,,Mega Cap
2024-03-01 00:00:00+09:00,1402.027587890625,4707.433831258125,Mitsubishi Heavy Industries,Industrials,Specialty Industrial Machinery,37.095715,4.0544734,0.0,0.12146,0.03217,60.801,,Mega Cap
2024-04-01 00:00:00+09:00,1404.233154296875,4714.839219003375,Mitsubishi Heavy Industries,Industrials,Specialty Industrial Machinery,37.095715,4.0544734,0.0,0.12146,0.03217,60.801,,Mega Cap
2024-05-01 00:00:00+09:00,1355.1964111328125,4550.193939738562,Mitsubishi Heavy Industries,Industrials,Specialty Industrial Machinery,37.095715,4.0544734,0.0,0.12146,0.03217,60.801,,Mega Cap
2024-06-01 00:00:00+09:00,1706.873779296875,5730.982359939375,Mitsubishi Heavy Industries,Industrials,Specialty Industrial Machinery,37.095715,4.0544734,0.0,0.12146,0.03217,60.801,,Mega Cap
2024-07-01 00:00:00+09:00,1812.872314453125,6086.881983290625,Mitsubishi Heavy Industries,Industrials,Specialty Industrial Machinery,37.095715,4.0544734,0.0,0.12146,0.03217,60.801,,Mega Cap
2024-08-01 00:00:00+09:00,1924.3193359375,6461.0753899395,Mitsubishi Heavy Industries,Industrials,Specialty Industrial Machinery,37.095715,4.0544734,0.0,0.12146,0.03217,60.801,,Mega Cap
2024-09-01 00:00:00+09:00,2097.681640625,7043.154933309,Mitsubishi Heavy Industries,Industrials,Specialty Industrial Machinery,37.095715,4.0544734,0.0,0.12146,0.03217,60.801,,Mega Cap
2024-10-01 00:00:00+09:00,2183.95849609375,7332.83724184275,Mitsubishi Heavy Industries,Industrials,Specialty Industrial Machinery,37.095715,4.0544734,0.0,0.12146,0.03217,60.801,,Mega Cap
2024-11-01 00:00:00+09:00,2188.43994140625,7347.88409788125,Mitsubishi Heavy Industries,Industrials,Specialty Industrial Machinery,37.095715,4.0544734,0.0,0.12146,0.03217,60.801,,Mega Cap
2024-12-01 00:00:00+09:00,2213.834716796875,7433.149342191375,Mitsubishi Heavy Industries,Industrials,Specialty Industrial Machinery,37.095715,4.0544734,0.0,0.12146,0.03217,60.801,,Mega Cap
2025-01-01 00:00:00+09:00,2286.53369140625,7677.24269351325,Mitsubishi Heavy Industries,Industrials,Specialty Industrial Machinery,37.095715,4.0544734,0.0,0.12146,0.03217,60.801,,Mega Cap
2025-02-01 00:00:00+09:00,1978.8077392578125,6644.025108915563,Mitsubishi Heavy Industries,Industrials,Specialty Industrial Machinery,37.095715,4.0544734,0.0,0.12146,0.03217,60.801,,Mega Cap
2025-03-01 00:00:00+09:00,2515.58544921875,8446.30458869175,Mitsubishi Heavy Industries,Industrials,Specialty Industrial Machinery,37.095715,4.0544734,0.0,0.12146,0.03217,60.801,,Mega Cap
2025-04-01 00:00:00+09:00,2796.5,9389.500479744,Mitsubishi Heavy Industries,Industrials,Specialty Industrial Machinery,37.095715,4.0544734,0.0,0.12146,0.03217,60.801,,Mega Cap
